SVC
[kernel, c, degree, gamma, coef]
['rbf', 1.7559857263631091, 4.467571082414138, 0.17582704000679236, 5.983593657968638, 1, 1, 0, 0, 0, 1, 1, 1, 1, 1, 1, 0, 1, 1, 1, 0, 1, 0, 1, 1, 1, 1, 1, 1, 0, 1, 1, 0, 1, 0, 0, 0, 1, 0, 1, 0, 1, 0, 1, 1, 1, 1, 1, 1, 1], 0.8125
DecissionTree
[criterion, max_depth, min_samples_split]
['entropy', 3, 0.029192961220571027, 1, 1, 1, 0, 0, 0, 1, 0, 0, 0, 0, 0, 0, 0, 1, 0, 0, 1, 1, 1, 0, 0, 0, 1, 0, 1, 0, 0, 0, 1, 0, 1, 0, 1, 1, 0, 0, 1, 0, 0, 0, 0, 0, 1, 0], 0.8041666666666668
KNeighborsClassifier
[n weights, algorithm]
[10, 'uniform', 'kd_tree', 0, 1, 1, 0, 0, 0, 0, 0, 1, 1, 0, 1, 0, 0, 0, 0, 1, 0, 0, 1, 1, 0, 0, 0, 1, 0, 0, 0, 1, 0, 0, 0, 0, 0, 0, 1, 1, 0, 1, 1, 0, 1, 0, 0, 1], 0.8125
MLPClassifier - najdłużej się uczył trzeba bylo zmienic populacje na 10 i epoch na 10
[hidden_layer_sizes, activation, solver, learning_rate]
[(175,), 'logistic', 'adam', 'adaptive', 0, 0, 1, 0, 0, 0, 0, 0, 0, 0, 1, 1, 0, 0, 1, 0, 0, 1, 1, 0, 1, 1, 1, 1, 1, 0, 0, 0, 1, 1, 1, 1, 1, 1, 0, 0, 1, 1, 1, 1, 0, 1, 0, 0, 1], 0.8291666666666666
GaussianNB
[var_smoothing]
[6.750011535025413e-09, 1, 1, 0, 1, 0, 1, 0, 1, 1, 1, 1, 1, 0, 0, 0, 0, 0, 0, 0, 0, 1, 0, 0, 1, 1, 1, 0, 1, 1, 1, 0, 0, 0, 0, 1, 0, 0, 1, 1, 1, 1, 0, 0, 1, 1], 0.8083333333333333

---- GLASS -----
SVC
['rbf', 90.89902366790493, 2.6837330348865276, 1.2356576340350416, 2.517847001878601, 1, 0, 0, 1, 0, 1, 0, 1, 1], 0.6869324473975637
DT
['entropy', 8, 0.07788777702726264, 0, 0, 0, 1, 1, 0, 1, 0, 1], 0.6497231450719824
KNN
[5, 'distance', 'ball_tree', 0, 0, 0, 1, 1, 1, 1, 0, 0], 0.6868217054263566
MLP
[(161,), 'relu', 'lbfgs', 'invscaling', 1, 0, 1, 0, 1, 1, 1, 1, 1], 0.6592469545957919
GaussianNB
